GENERATIONS	1000000
POPULATIONS_SIZE	20
TOURNAMENT_SIZE	5
MUTATION_RATE	0,015
ELITISM	True
TIME	4052915,7637
BEST_DISTANCE	6787,92343924536
BEST_FITNESS	0,000147320459482256
DISTANCE_GAP	62,0060534995263
DIMENSION	280
238
231
232
230
229
210
183
173
106
103
169
168
184
145
142
254
258
260
259
140
143
144
200
204
203
202
165
167
166
188
189
190
193
199
266
267
137
136
135
206
208
207
216
219
223
224
225
235
234
214
211
213
212
205
113
74
73
72
71
69
57
56
47
48
39
35
126
134
16
15
11
10
5
1
280
2
242
241
244
243
277
9
272
271
133
132
131
19
18
17
273
274
261
262
263
265
141
147
146
148
149
156
119
120
121
130
21
20
127
40
46
45
44
58
68
70
67
59
41
29
14
12
8
7
6
248
249
209
185
164
163
162
161
177
178
176
160
107
108
110
111
138
278
279
3
4
276
275
182
105
98
97
96
95
94
93
80
85
65
63
62
116
112
101
100
99
66
64
43
42
198
196
195
221
222
220
201
197
194
192
191
186
187
115
117
150
139
253
252
255
264
268
269
125
36
51
50
37
24
13
245
240
239
246
247
23
25
27
28
32
60
61
118
157
151
152
179
180
181
175
104
109
89
79
81
83
84
86
87
88
82
76
78
77
75
55
54
53
52
49
38
34
33
31
30
124
123
122
114
90
91
92
102
170
171
172
174
159
158
153
155
154
129
128
26
22
270
257
256
250
251
233
228
227
226
218
217
215
236
237
