GENERATIONS	5000000
POPULATIONS_SIZE	20
TOURNAMENT_SIZE	5
MUTATION_RATE	0,015
ELITISM	True
TIME	19718386,1473
BEST_DISTANCE	6081,0761935611
BEST_FITNESS	0,000164444576612745
DISTANCE_GAP	57,589743691573
DIMENSION	280
50
37
33
32
29
31
30
34
35
36
38
53
54
55
41
40
39
48
47
46
45
161
187
189
188
165
172
171
170
169
102
103
43
42
123
134
135
268
253
252
209
208
206
148
149
150
44
57
68
67
66
85
87
84
83
88
82
81
80
92
168
167
166
164
163
177
152
156
153
120
121
154
17
16
273
274
276
6
7
8
15
159
109
89
90
91
101
100
99
98
94
79
76
112
110
111
114
160
176
205
207
233
236
237
240
242
2
280
3
1
5
277
4
279
248
249
250
251
230
210
195
194
186
185
184
180
179
147
146
144
200
202
203
204
212
214
225
226
234
235
224
223
222
219
218
215
227
228
229
211
213
216
217
181
113
73
72
71
70
69
56
28
27
26
22
25
136
140
141
145
199
183
162
93
97
96
95
78
77
75
74
21
13
12
11
10
9
275
260
258
257
143
193
190
191
192
221
220
232
238
239
246
231
255
254
264
115
116
86
65
64
58
59
63
62
118
151
178
139
138
266
267
137
122
60
61
117
175
182
198
197
196
201
142
265
269
270
271
272
263
262
261
259
256
247
245
244
241
243
278
14
24
23
128
127
126
125
124
174
173
106
105
104
108
107
158
157
119
155
20
19
18
133
132
131
130
129
49
52
51
