GENERATIONS	100
POPULATIONS_SIZE	20
TOURNAMENT_SIZE	5
MUTATION_RATE	0,015
ELITISM	True
TIME	509,3146
BEST_DISTANCE	24691,5625822296
BEST_FITNESS	4,04996644772775E-05
DISTANCE_GAP	89,5551365313101
DIMENSION	280
59
223
216
170
240
246
148
34
50
230
1
4
156
122
70
60
152
125
157
128
63
58
93
61
168
110
74
166
78
73
35
18
126
91
109
251
275
239
224
210
279
9
30
119
218
265
225
280
242
95
79
92
26
243
179
16
23
206
200
195
182
24
220
201
266
190
173
227
176
82
77
146
235
233
69
102
163
76
45
123
33
38
39
130
150
19
244
271
236
272
241
213
207
221
52
158
97
117
57
81
185
268
149
154
136
138
193
189
143
133
137
204
253
105
10
100
142
160
104
44
41
71
118
188
222
68
49
278
20
132
274
8
5
22
87
113
89
85
53
51
94
12
257
226
229
161
28
159
111
175
112
98
167
254
101
80
261
3
127
174
144
153
211
208
258
7
151
114
115
64
215
237
270
262
276
245
6
135
141
196
11
17
249
62
86
96
88
124
267
107
162
199
56
55
178
147
209
72
108
194
217
197
66
180
263
273
75
46
36
40
48
184
139
169
164
198
191
183
203
25
13
32
106
155
27
145
172
269
264
259
219
205
256
140
14
37
134
202
177
47
43
54
187
21
116
212
231
181
247
248
232
260
31
65
99
42
171
29
15
131
277
214
84
192
255
165
121
90
186
103
129
83
67
120
2
250
228
252
234
238
