GENERATIONS	100
POPULATIONS_SIZE	20
TOURNAMENT_SIZE	5
MUTATION_RATE	0,015
ELITISM	True
TIME	482,1584
BEST_DISTANCE	25301,6422855194
BEST_FITNESS	3,95231261558194E-05
DISTANCE_GAP	89,8069857644142
DIMENSION	280
248
21
103
71
35
182
215
224
236
237
246
189
166
106
269
196
191
259
10
219
225
181
119
67
76
94
205
235
140
128
241
136
73
174
84
218
210
199
16
234
253
260
188
161
12
126
28
130
39
75
64
192
46
165
204
209
194
95
118
187
183
257
278
217
141
152
276
216
69
45
169
111
97
80
229
240
271
211
148
190
228
70
20
160
86
96
62
268
178
156
258
273
167
120
213
249
1
197
66
146
147
270
5
61
88
63
58
43
52
131
13
168
107
232
208
179
133
155
242
277
81
198
223
142
195
201
261
170
110
79
200
159
121
122
115
108
173
114
172
40
144
275
77
93
109
78
117
82
104
171
3
143
251
158
90
105
17
116
59
186
37
72
163
14
254
207
203
220
49
145
9
272
11
112
31
7
267
87
123
19
153
113
92
36
34
256
250
212
125
176
57
15
65
127
74
221
138
51
134
18
55
177
41
53
102
164
230
243
27
264
206
2
247
150
193
6
279
262
4
214
233
202
22
132
44
99
85
100
151
137
222
26
239
280
245
244
255
56
38
50
180
48
98
91
227
263
8
274
139
265
135
185
162
184
266
47
54
101
89
124
175
157
33
83
60
29
129
30
154
149
252
25
24
231
238
226
42
32
68
23
