GENERATIONS	100
POPULATIONS_SIZE	20
TOURNAMENT_SIZE	5
MUTATION_RATE	0,015
ELITISM	True
TIME	480,803
BEST_DISTANCE	24394,5262713022
BEST_FITNESS	4,09928026016395E-05
DISTANCE_GAP	89,4279562090372
DIMENSION	280
175
83
111
92
76
57
91
80
215
177
129
182
79
68
158
102
174
105
100
187
212
228
247
236
69
22
243
251
26
159
88
64
118
110
77
219
206
279
135
257
205
143
216
197
220
184
261
222
45
35
84
237
235
6
173
189
48
160
233
244
201
149
193
75
78
225
25
21
49
90
81
117
176
180
28
260
131
196
200
253
114
104
87
109
30
18
51
41
229
204
137
276
238
125
183
132
142
127
217
202
265
42
269
31
11
7
231
199
203
113
120
17
5
214
256
162
55
144
240
255
249
250
16
124
40
155
140
141
13
245
3
209
230
278
211
165
190
2
248
138
99
188
108
47
37
115
139
147
271
10
259
8
267
119
29
122
23
221
44
97
65
101
27
54
145
166
150
181
63
232
252
12
263
264
15
24
258
9
272
46
134
136
94
73
103
186
19
36
106
146
208
254
226
95
62
4
234
224
198
148
156
59
274
151
32
262
194
93
89
164
20
172
179
178
130
241
152
96
157
98
74
86
112
195
207
239
223
227
71
126
123
50
153
33
161
154
277
275
1
218
191
171
168
52
273
107
66
169
70
34
82
56
163
270
185
72
53
67
38
43
246
213
242
128
39
60
121
61
58
85
116
170
167
192
268
210
280
266
14
133
