GENERATIONS	100
POPULATIONS_SIZE	20
TOURNAMENT_SIZE	5
MUTATION_RATE	0,015
ELITISM	True
TIME	483,6103
BEST_DISTANCE	24427,4577874944
BEST_FITNESS	4,09375387606625E-05
DISTANCE_GAP	89,4422087536251
DIMENSION	280
217
158
60
233
221
209
218
216
219
271
16
144
140
179
154
33
31
92
267
274
5
264
93
83
113
268
165
198
139
203
197
169
97
102
80
25
52
68
89
76
127
278
26
120
136
150
182
186
104
38
152
119
225
261
206
2
243
137
260
205
62
116
85
191
164
185
73
67
51
147
252
230
192
195
270
177
105
55
128
148
18
132
141
159
122
181
265
258
112
45
114
259
143
146
208
253
269
19
20
172
167
100
71
135
125
124
166
171
131
183
189
275
3
12
240
238
72
35
257
234
213
232
255
101
199
239
24
50
99
70
1
174
173
108
115
110
175
226
91
77
40
43
47
145
236
121
29
59
41
34
202
8
193
190
204
262
212
66
163
36
75
157
161
27
84
223
248
11
277
10
9
28
241
227
214
201
266
126
235
280
106
56
242
229
279
15
256
254
247
162
53
30
111
184
251
246
211
224
222
95
81
64
94
37
117
88
90
58
78
61
65
244
130
156
155
32
17
86
48
180
142
210
276
149
272
21
54
134
263
42
249
176
74
63
39
44
57
82
138
151
228
231
79
98
187
178
170
237
200
6
220
194
133
46
49
129
23
7
245
123
69
153
22
160
107
273
215
4
250
196
13
118
168
188
96
87
103
109
207
14
