GENERATIONS	100
POPULATIONS_SIZE	20
TOURNAMENT_SIZE	5
MUTATION_RATE	0,015
ELITISM	True
TIME	485,0828
BEST_DISTANCE	25029,4162381072
BEST_FITNESS	3,99529893341061E-05
DISTANCE_GAP	89,696124050734
DIMENSION	280
203
94
192
200
9
206
204
213
154
266
198
143
134
13
38
45
254
279
257
193
145
157
230
247
231
239
176
235
234
229
226
27
91
119
236
10
8
278
110
66
130
4
155
48
104
120
57
183
21
246
264
137
22
250
277
55
88
92
106
270
131
121
224
253
262
73
62
60
53
68
89
252
11
260
276
100
147
150
267
80
109
72
172
162
189
81
164
95
85
96
97
148
217
212
194
215
219
208
135
102
78
159
168
165
142
153
174
111
15
218
19
178
180
140
261
122
118
64
263
259
207
24
133
25
112
47
31
3
258
227
46
163
177
86
175
14
255
256
129
42
16
271
7
243
136
249
188
44
105
160
186
211
149
30
51
251
214
146
35
144
50
76
195
87
49
156
23
17
63
41
52
201
132
43
184
115
161
221
242
240
173
139
141
248
223
166
75
169
101
191
237
280
33
12
127
269
199
107
103
32
65
69
125
1
225
241
28
93
114
83
18
179
209
222
245
210
126
54
117
274
202
220
2
5
138
265
128
272
6
152
116
123
196
197
34
268
238
244
182
77
70
74
181
124
26
37
190
167
99
61
273
40
113
59
98
36
79
158
151
228
205
185
187
58
39
82
29
108
170
232
233
84
171
67
71
56
90
20
216
275
