GENERATIONS	100
POPULATIONS_SIZE	20
TOURNAMENT_SIZE	5
MUTATION_RATE	0,02
ELITISM	True
TIME	239195,7134
BEST_DISTANCE	2626,01942630351
BEST_FITNESS	0,000380804494431194
DISTANCE_GAP	1,79052088619515
DIMENSION	280
169
168
167
166
165
164
163
162
161
175
160
159
158
157
119
120
121
122
123
124
125
30
126
127
128
21
20
19
18
17
133
132
131
130
129
154
155
153
156
152
151
178
177
176
179
180
181
182
183
184
185
186
187
188
189
190
191
192
193
194
195
196
197
198
201
202
203
204
205
206
207
210
211
212
213
214
215
216
217
218
220
221
222
219
223
224
225
226
227
228
229
230
251
250
247
244
245
246
231
232
233
234
235
236
237
238
239
240
241
243
242
2
1
280
3
279
278
248
249
256
255
252
209
208
253
254
257
258
259
260
261
262
263
264
265
267
266
140
141
142
143
144
200
199
145
146
147
148
149
150
139
138
137
136
135
134
268
269
270
16
271
272
273
274
275
276
277
4
5
6
7
9
8
10
11
12
15
13
14
24
23
25
22
26
27
28
29
31
32
33
34
35
36
37
38
39
40
41
42
43
60
61
118
117
115
116
86
85
65
66
64
63
62
59
44
45
46
47
48
49
50
51
52
53
54
55
56
57
58
68
69
67
70
71
72
73
74
76
75
77
78
79
80
81
82
89
112
88
83
84
87
113
114
111
110
109
90
91
92
93
94
95
96
97
98
99
100
101
102
103
104
108
105
106
107
174
173
171
172
170
