GENERATIONS	100
POPULATIONS_SIZE	20
TOURNAMENT_SIZE	5
MUTATION_RATE	0,015
ELITISM	True
TIME	485,1176
BEST_DISTANCE	24881,446422066
BEST_FITNESS	4,01905895275106E-05
DISTANCE_GAP	89,634846960855
DIMENSION	280
234
280
120
168
79
160
43
61
67
156
86
251
127
169
85
184
139
142
52
105
77
73
158
117
70
112
40
45
165
107
197
209
270
161
109
69
103
164
208
245
239
206
155
275
23
68
55
83
255
211
203
220
180
114
99
81
49
131
145
162
118
17
186
243
227
252
260
226
244
237
236
108
92
36
189
265
253
194
228
207
22
53
42
202
204
198
15
205
89
93
104
210
191
78
64
32
59
98
170
221
258
181
196
157
94
66
137
11
3
215
187
188
195
183
263
185
29
266
10
135
176
225
7
47
190
31
130
143
8
51
72
34
46
35
199
133
268
21
6
65
177
193
182
125
213
37
88
115
173
56
124
201
146
97
96
9
12
238
271
60
264
216
179
90
44
41
48
27
111
50
33
26
4
122
102
62
154
113
163
101
95
63
153
192
247
214
13
277
218
138
30
151
274
261
74
121
57
20
250
200
144
175
136
172
278
14
76
167
262
222
269
276
19
5
1
219
254
100
171
235
248
241
240
256
28
38
80
91
174
141
178
126
242
230
229
272
233
223
231
25
147
246
2
232
273
24
129
18
132
217
148
257
166
110
152
259
212
249
267
54
116
150
224
279
39
123
75
84
58
87
71
128
16
134
149
140
159
119
82
106
