GENERATIONS	20
POPULATIONS_SIZE	20
TOURNAMENT_SIZE	5
MUTATION_RATE	0,02
ELITISM	True
TIME	10545,1932
BEST_DISTANCE	707,870216419015
BEST_FITNESS	0,00141268833863192
DISTANCE_GAP	-9768,05185184558
DIMENSION	137
68
67
66
65
64
63
62
60
59
58
61
57
56
55
54
53
52
28
27
26
24
25
23
22
20
21
3
1
2
4
5
18
19
7
6
9
8
11
10
29
30
31
32
33
34
35
40
39
38
37
36
41
12
13
14
15
17
16
45
46
47
48
42
43
44
49
51
50
72
73
74
75
76
77
78
79
80
81
86
82
87
88
71
89
90
91
93
94
95
96
137
136
85
84
83
135
134
133
132
131
130
129
124
123
122
121
119
118
120
128
127
126
125
117
113
112
111
110
109
108
107
106
105
115
114
116
104
103
102
101
100
99
98
97
92
70
69
